0
1111111111111111
2222222222222222
3333333333333333
4444444444444444
5555555555555555
6666666666666666
7777777777777777
8888888888888888
9999999999999999
aaaaaaaaaaaaaaaa
bbbbbbbbbbbbbbbb
cccccccccccccccc
dddddddddddddddd
eeeeeeeeeeeeeeee
ffffffffffffffff
f0f0f0f0f0f0f0f
1e1e1e1e1e1e1e1e
2d2d2d2d2d2d2d2d
3c3c3c3c3c3c3c3c
4b4b4b4b4b4b4b4b
5a5a5a5a5a5a5a5a
6969696969696969
7878787878787878
8787878787878787
9696969696969696
a5a5a5a5a5a5a5a5
b4b4b4b4b4b4b4b4
c3c3c3c3c3c3c3c3
d2d2d2d2d2d2d2d2
e1e1e1e1e1e1e1e1
f0f0f0f0f0f0f0f0
0
8080808080808080
202020202020202
505050505050505
8181818181818181
0
2020202020202020
8080808080808080
0
404040404040404
0
0
8383838383838383
1010101010101010
3030303030303030
0
404040404040404
4444444444444444
1212121212121212
dddddddddddddddd
202020202020202
3030303030303030
8383838383838383
0
0
2424242424242424
0
0
0
2424242424242424
0
1111111111111111
0
8080808080808080
2020202020202020
2c2c2c2c2c2c2c2c
0
1616161616161616
404040404040404
808080808080808
1212121212121212
101010101010101
0
3333333333333333
808080808080808
1111111111111111
2020202020202020
0
8080808080808080
0
2020202020202020
8080808080808080
808080808080808
0
0
0
0
0
1010101010101010
3333333333333333
d0d0d0d0d0d0d0d0
1e1e1e1e1e1e1e1e
0
3030303030303030
0
0
0
0
0
0
0
0
0
0
0
0
0
0
0
0
0
0
0
0
0
0
0
0
0
0
0
0
0
0
0
0
